001 25.382 1.928
002 44.872 1.472
003 55.392 1.240
004 62.184 1.059
005 67.092 0.930
006 70.786 0.834
007 74.246 0.747
008 76.222 0.695
009 78.274 0.636
010 79.356 0.602
011 81.016 0.558
012 82.098 0.523
013 83.058 0.494
014 84.130 0.465
015 85.050 0.438
016 85.796 0.417
017 86.596 0.397
018 87.152 0.376
019 87.876 0.355
020 88.310 0.341
021 88.802 0.328
022 89.178 0.312
023 89.846 0.298
024 90.424 0.281
025 90.462 0.278
026 91.148 0.259
027 91.496 0.250
028 91.530 0.245
029 91.932 0.233
030 92.152 0.227
031 92.504 0.215
032 92.836 0.210
033 92.892 0.204
034 93.312 0.195
035 93.524 0.188
036 93.890 0.180
037 93.772 0.181
038 94.254 0.167
039 94.444 0.163
040 94.344 0.163
041 94.804 0.153
042 94.690 0.155
043 95.086 0.144
044 94.910 0.146
045 95.244 0.137
046 95.446 0.134
047 95.324 0.136
048 95.426 0.132
049 95.492 0.132
050 95.696 0.126
