001 26.074 1.970
002 40.666 1.612
003 45.828 1.491
004 49.014 1.413
005 51.986 1.340
006 53.482 1.303
007 54.992 1.261
008 56.102 1.232
009 57.500 1.193
010 58.114 1.182
011 59.380 1.147
012 59.812 1.132
013 61.012 1.108
014 61.216 1.097
015 61.836 1.089
016 61.960 1.076
017 62.886 1.057
018 63.156 1.052
019 63.562 1.041
020 63.334 1.039
021 64.056 1.021
022 64.338 1.012
023 64.608 1.008
024 64.694 1.007
025 65.046 0.995
026 65.516 0.989
027 65.308 0.986
028 65.386 0.984
029 65.746 0.980
030 65.618 0.977
031 66.100 0.968
032 66.280 0.964
033 66.342 0.962
034 66.266 0.960
035 66.792 0.952
036 66.876 0.947
037 66.676 0.948
038 66.750 0.948
039 67.022 0.938
040 67.086 0.940
041 67.192 0.935
042 67.454 0.930
043 67.296 0.930
044 67.474 0.931
045 67.662 0.926
046 67.512 0.922
047 67.972 0.920
048 68.000 0.922
049 67.986 0.918
050 67.924 0.920
