001 47.076 1.448
002 67.552 0.914
003 75.036 0.714
004 78.840 0.605
005 81.448 0.534
006 83.656 0.470
007 85.412 0.421
008 86.632 0.386
009 87.568 0.359
010 88.546 0.335
011 89.312 0.310
012 89.832 0.290
013 90.456 0.274
014 91.058 0.257
015 91.496 0.246
016 92.016 0.231
017 92.410 0.219
018 92.700 0.209
019 93.286 0.193
020 93.404 0.188
021 93.784 0.177
022 93.798 0.173
023 94.218 0.163
024 94.486 0.157
025 94.868 0.149
026 95.118 0.140
027 95.208 0.136
028 95.572 0.128
029 95.468 0.129
030 95.794 0.120
031 96.076 0.114
032 95.934 0.114
033 96.112 0.109
034 96.208 0.107
035 96.512 0.100
036 96.560 0.099
037 96.640 0.096
038 96.592 0.096
039 97.070 0.084
040 96.696 0.093
041 97.048 0.086
042 97.072 0.081
043 97.340 0.076
044 97.098 0.081
045 97.226 0.080
046 97.648 0.071
047 97.464 0.073
048 97.414 0.074
049 97.788 0.066
050 97.328 0.076
